12012
9852
5823
22414
23819
16072
9511
26802
11718
5214
20557
22983
8244
5196
21017
14818
4262
19696
21889
17907
20187
31581
24154
329
25715
2047
25454
14169
8102
13955
20174
19131
13878
3313
22634
30069
5282
13851
28382
24188
11677
25403
8847
10360
23998
28888
18167
24008
14201
21225
15933
24006
19278
3133
8969
12108
16448
13594
17558
23671
20617
21797
10505
15274
32396
5249
2561
18902
5643
2107
32623
31225
19866
7654
19624
7653
7252
27266
952
19523
6092
24739
29433
26583
28231
12751
4325
11270
20776
24359
23081
25237
25515
15689
22010
9907
470
28534
13484
22842
