27103
3604
10797
1067
20995
24819
26343
10289
26776
24963
13197
1401
31816
17424
21067
30806
20403
31247
718
17802
18717
29444
20383
592
19043
25762
17839
15776
17716
24115
18995
20142
24445
11066
689
27828
15397
18775
859
29681
15355
30060
14237
31729
19181
5118
14578
8976
3450
30942
2043
13114
618
21000
23506
1012
27836
14795
31644
15776
6624
13354
22109
25084
22566
7043
19729
15853
12663
16494
25336
10363
15939
16616
18481
13084
9402
23217
29322
12085
6207
15602
14487
11486
27929
7459
8961
22246
5228
4908
26657
20502
5224
202
17869
30138
20673
2101
11634
11102
14175
22016
30307
5078
9558
16960
2673
23425
6168
3312
16572
30670
32490
14740
23241
32766
16532
19997
22484
812
18781
30989
4711
32651
13622
25307
23595
24304
27190
11929
3071
7312
14150
28116
12871
30730
19230
3004
26502
22952
6000
29572
26928
19425
29794
30220
30905
11811
6210
12990
12530
1232
14197
1974
17813
2695
24753
19749
24862
26276
26989
24567
5341
11530
32405
16307
3914
2848
11649
17315
3224
17945
31016
11062
13709
28281
20369
3490
24720
27860
29579
27853
26884
19417
11934
28526
4308
25488
24385
1647
8271
18912
14157
407
14391
11348
16050
22373
2580
30495
28265
9279
27342
27997
30634
9420
29563
5787
2910
12190
9334
9626
13783
29204
16049
15440
8895
29822
18252
12592
23886
10627
26982
14763
24768
3264
10803
7671
3335
5298
9038
23055
21437
31702
14161
20475
12636
9486
29860
28497
18097
8007
6802
30204
9870
3161
29858
11836
11200
28462
36
19950
27456
9511
4106
23310
5806
3771
25337
14714
25338
11106
24480
17912
18277
11441
27465
8827
10408
17606
3757
6050
17522
13286
23821
12162
28952
22885
20862
28069
1416
19398
5765
18514
32128
15396
27619
18191
11773
10449
7858
27237
7669
9020
18353
16611
22344
11544
17373
19814
17397
28858
6977
8855
27529
22723
18958
22452
9438
19200
8174
14996
4097
2702
10646
25317
27764
1346
22682
2745
8086
4167
23942
20545
32607
22537
26666
17623
13648
1874
16949
27970
19882
27059
30726
5942
18143
3366
958
10267
13638
9969
11930
18703
20242
16334
7296
5166
29829
27464
13783
10001
2145
3688
25500
16020
11424
31121
20914
16349
14180
22953
11130
21146
29745
17529
1700
28809
1370
25687
28741
3646
31161
1794
20521
16673
27299
5069
5738
1718
13851
11520
26433
4385
10566
123
14621
15593
12064
2972
6386
5116
22380
22115
2260
499
18929
27092
11460
7576
31203
1437
14794
11173
11680
22777
23364
16079
11933
17108
637
6403
13727
23856
21633
12784
26414
22471
10800
1733
29766
26098
22162
5948
13137
17353
10090
13271
17746
5772
21518
361
7011
11330
20085
21977
28769
24223
10898
21027
2790
7467
4064
23967
23415
25249
26943
26246
19199
6549
18174
2994
19836
13402
10041
5029
3321
31779
6245
21709
16572
23400
27177
29447
1216
10124
24687
5729
17766
11708
7356
32548
4967
1818
12732
6930
29709
30747
5410
32748
419
24365
25519
28471
28714
30366
11151
18240
19021
28089
12524
1374
31383
7474
24766
15735
29924
23236
26080
10949
5141
12312
5225
15834
8
30953
7993
19426
12232
11366
19410
17193
23552
21975
6250
2269
30134
132
2110
25620
30005
6866
2600
6672
5451
5296
11636
8130
20149
15665
6384
1166
10200
9082
30786
31310
11442
32479
21374
7833
8975
25161
1272
26949
20224
16091
16727
25642
23433
31189
26091
4137
15258
6584
321
7022
5952
20139
18932
19697
6429
23069
30661
18755
12310
6572
13038
5255
6475
14661
3508
30142
17996
20621
15420
8009
29578
28544
32415
16552
779
24152
28992
25992
28514
5297
14174
17917
27359
11242
13285
27660
32515
20686
17546
21100
16438
30836
13078
24717
27068
23651
20738
26586
30182
506
28997
1596
1669
20752
13418
4575
12708
32215
23269
29240
1655
18950
4519
2631
24206
24887
27888
6169
20302
21645
1381
11666
20386
31131
27490
9833
26094
12417
25745
16244
29253
21848
10172
13094
26843
24785
2783
32598
4285
31768
22402
14401
6847
3071
14661
3283
9398
30552
31421
24610
31976
11426
1150
7228
14785
10985
21113
8738
31176
4583
21385
31508
24529
32111
26440
12047
8051
12300
28199
25749
11708
20709
8126
11692
27172
16611
7008
9769
21440
19222
26355
18222
7864
13397
20478
5106
15867
28197
25348
960
13617
28893
27921
19779
18162
263
15250
30464
21301
25608
3689
20772
31243
18436
28737
15488
22157
25340
26911
25298
26130
3385
16186
17478
28582
23278
14861
15932
32696
31001
7082
28492
19475
20906
17489
7303
5136
15079
13377
31744
20745
13839
24526
2188
19216
317
2484
17093
26081
144
6059
853
14870
17033
5436
17009
20122
9140
22738
30883
1632
21899
32532
31949
5717
19607
12402
875
6035
23000
25854
8984
2519
29543
6782
596
23093
28762
12479
4740
16906
15336
24620
31802
4659
17358
32414
8375
15996
9712
1654
21678
15707
24900
5098
14411
4063
3564
19612
20596
1507
24738
25969
17743
4743
32089
15008
27140
17633
23841
11785
29124
14575
19276
16329
30218
5328
15823
5387
12832
26164
3307
24864
6118
29714
19980
25811
8655
22681
22001
30710
1580
30568
9741
20801
12205
9217
18733
93
7972
3195
25436
20027
6797
15480
30979
30634
19788
19543
12629
30249
15797
4267
6122
19193
15313
24043
8618
119
11615
13419
30957
21929
23322
26762
21729
18455
9018
6957
24619
28636
13629
5741
29393
25084
15079
25229
9047
3320
4744
10031
29480
17312
32381
11463
6712
27177
28153
4687
13800
31103
17158
2877
24362
19676
14790
14770
27621
28058
21759
30964
24475
20806
29654
11294
20297
15861
29915
25878
15502
18651
2630
30656
11280
8985
9088
19825
31516
10455
4070
3239
14476
26259
16073
26871
1262
2232
16569
12102
15842
26995
28163
25148
30916
12482
22136
31478
4235
15054
24176
8699
19185
14458
11535
29810
22741
15932
20423
10642
13789
13612
14110
11353
11103
25178
28850
32129
31362
30821
17018
29104
29088
26441
2894
8175
28911
24185
3242
5213
8801
13614
431
6948
26824
11518
10090
14253
19006
17072
6745
7184
22980
335
11563
13519
25641
2941
7368
7363
25646
20234
17809
3414
487
5829
15849
7923
8548
28306
31220
28091
17553
3517
23710
