14838
19040
24256
7285
20431
6535
21884
18677
24685
19594
6168
20330
15984
18843
6615
9372
24526
29159
11771
10837
19574
26036
2952
13335
24628
20140
15946
17422
25557
9336
10521
5188
16779
8081
32092
16404
22675
20051
19404
8673
13332
84
4731
14600
10571
31731
27668
11282
8421
12852
17508
15151
4012
25803
13849
14048
25190
29302
30154
20211
24826
15760
28216
19892
19669
24804
29140
4962
16012
9919
9601
26080
1731
30281
2202
26797
5709
11028
15927
20758
12693
2806
31660
10922
29500
19988
16467
16367
25091
27968
14988
31571
7660
10885
32257
21605
26780
2047
28463
7493
3332
8432
2082
17497
27200
6417
23167
24130
9663
5670
29384
3087
18597
30677
220
4528
19565
16824
27069
12461
23251
27569
9878
6936
17649
3198
5373
4800
30120
4749
7285
2215
25409
32529
19767
20662
17492
22357
23602
15792
3049
16464
8272
14693
28894
30843
29947
11560
1161
9183
9696
20098
7325
7794
18418
9256
5202
18595
9138
22315
10432
564
5294
9327
29836
18248
584
606
20167
9149
21945
20189
4371
28859
4438
6527
2312
4237
27921
24057
6358
7344
7234
17111
19243
14890
8360
12397
24151
2077
20138
21519
2734
23708
26339
25477
2093
17341
26846
13497
