26538
26479
31041
2903
19879
28529
6292
22424
31091
3231
26775
21804
2851
16008
2860
31929
15830
9379
28546
22534
11845
31376
27971
96
28572
10658
8207
23612
25225
5019
5930
24605
658
31414
11633
22200
7595
10987
7571
29782
10760
18542
9853
14715
11824
26489
21526
26821
28499
20811
16429
5142
23005
6769
24495
1270
22603
28228
12318
1074
3133
13235
22846
17609
7629
28482
5906
30217
5408
1619
6
16630
29242
18340
31598
13547
30487
23834
31791
26500
22519
2749
21436
19386
17913
24323
12613
1104
2027
14417
8491
13679
5473
17343
8374
6541
26628
22812
6666
23955
30509
22578
23639
2110
4531
27466
25681
28869
2561
21235
2272
2237
26731
7936
24600
32058
6082
30928
28779
29496
16421
25298
541
25401
17435
4423
9465
22575
5087
16458
15939
5531
19195
11022
13037
26871
19480
2152
525
10834
20245
12429
25487
12346
5462
20508
16167
15070
14431
19551
3978
6772
18081
15566
1502
5337
8851
7636
367
20087
22533
8406
12195
14956
23474
15730
26672
21993
26900
26628
6540
13015
29308
4463
22950
5569
22369
21530
28371
10990
21752
29240
25867
5837
25862
2381
853
26007
32499
7917
13696
7727
28447
27335
15892
31821
14457
483
17544
5595
13389
18216
5045
28575
25693
17697
7307
17691
11060
21761
4355
1969
24247
14052
11092
22795
26877
32599
30058
1210
27488
32283
9364
15645
6100
550
23933
8069
13432
7915
29789
17302
32107
22235
32112
23025
22753
20268
16808
7696
4470
28889
27551
8048
2754
6890
207
9718
9261
18933
31493
13708
15876
22757
5651
29963
5325
16122
9669
31837
26328
28433
2071
19939
6167
15398
1957
32532
18479
26391
16995
21607
3791
14762
26766
21619
21057
21202
26595
5717
27711
2094
22286
20307
4359
211
13669
25535
11442
27979
21206
32541
10945
221
29726
30600
23545
4111
1852
81
