28302
9333
6759
30543
21322
6769
23080
10287
28801
12935
17651
18408
1360
23412
19041
5179
29374
25390
28003
32230
14823
3189
21382
2771
9563
8875
22902
10384
8641
32741
20673
767
2496
14658
19166
13135
26911
25980
5486
23338
31530
12732
19393
48
26712
14515
8604
15269
1836
20454
19258
4710
9305
16201
9872
2338
5673
5904
2518
18630
7967
6082
23362
26425
25564
24719
22039
10314
30783
22499
8414
19175
18384
571
6387
13967
23903
15160
30532
7433
19944
1265
12886
25687
19130
24974
16777
27878
7896
27411
9628
2055
7072
7545
23155
12963
14506
1795
5656
26665
27379
21199
30977
8652
30523
25004
5009
21996
17323
25899
25824
3025
27835
12537
14015
22431
8531
13931
31479
21126
2608
24155
3538
25402
16522
13619
477
27299
6132
7495
22763
10453
16259
31592
20061
28226
32306
4533
5793
27950
3717
31925
14329
16228
23917
1699
24702
29736
12396
17673
23908
14956
30457
13457
6015
31559
19238
18199
14598
30882
25984
6146
24728
17461
2103
15061
1404
8882
9599
22529
28973
12095
17717
3070
29206
21290
28102
15513
11162
26072
5197
22672
10071
2303
22523
13660
2988
5397
3260
32590
7032
10761
22807
28637
25381
14384
27478
15935
14054
5506
2536
32310
26172
29446
771
24877
18623
18059
16270
3459
2075
31897
32061
39
19289
1703
29694
11365
10080
6542
27284
19967
30907
12350
32385
8576
2716
9904
9002
30413
12065
284
7222
20989
11479
13163
30519
3690
9597
31983
18572
14344
23050
11346
12166
3830
28657
24524
26057
26963
7075
5529
24053
26451
21589
8363
13702
11666
29956
21916
32249
6568
28343
998
8497
9469
28677
3926
25880
27103
9686
15806
21129
32465
31086
3307
878
7206
28583
9430
7205
16335
3453
14878
29737
17266
26064
29878
12782
6332
13414
11995
24076
8183
10800
8266
12704
19679
20174
18863
9199
3505
6996
13408
31565
10374
12879
23115
25918
735
22787
18990
23002
1921
5623
23558
20086
7811
6324
2505
31616
27557
20169
16471
14763
18147
18962
15534
14924
9034
23610
18782
7940
22539
2943
28734
13472
32718
17589
29788
21821
25160
28302
10298
13744
7184
16920
29751
8741
30894
3207
8523
28165
13045
15925
15351
6942
3988
27367
9084
31742
1511
8018
6476
21919
27411
12254
25790
17482
21329
25769
24325
26549
7562
9935
31587
6767
23845
4841
8090
14461
5661
5331
24740
14662
32598
28851
30627
8364
16177
23862
795
2940
22110
4893
26719
23304
11505
30201
26953
