15509
8720
17573
263
18418
1450
16644
28066
22325
27114
10867
2571
9749
1587
23319
1765
9597
16220
15804
6102
7752
20321
9918
30942
29001
5464
13353
24039
6286
8615
31007
157
19941
21109
30842
16511
31392
5214
12979
2358
21654
7019
19203
29478
19562
10305
1991
21060
12560
11672
12841
10023
11404
27119
6397
9825
32253
18814
15081
18959
5339
9325
23497
8623
29053
11587
2385
21554
28382
9121
21236
2130
22944
7984
14597
10022
30801
1752
5917
11508
26862
2099
3516
31814
30629
9025
12083
26432
21215
7773
29633
25392
16510
30319
14588
6759
14435
8036
20594
20552
2100
10459
24977
19358
25692
6945
8900
15155
2643
8288
11743
18590
22559
19987
29629
19804
32027
8893
4903
24098
10231
3035
5880
8306
22016
2071
24447
7789
10145
14782
15141
3304
24106
32116
29264
14273
26321
22823
19079
2163
5879
22337
17622
23273
32172
8738
7028
5264
28276
29645
17059
12720
10571
11745
28888
15612
17384
11724
29212
25960
14399
12603
19122
9786
15433
24276
27898
13668
18183
18216
1685
11281
26309
29155
10442
7550
19612
19270
20520
4107
12602
1496
3949
3218
30438
17496
24999
14327
11454
8181
26521
11008
22339
24258
5216
31847
8728
28260
3415
12590
24327
30477
16695
1843
30277
6831
31363
19972
11255
13417
28963
16884
24308
11334
8014
7535
9421
13094
23982
21642
26379
31484
2751
11998
26039
16186
16761
13207
17184
12682
25390
7112
31960
7871
30901
16130
30208
24587
11976
11812
30405
27762
29099
28788
17707
7806
27662
5871
15114
565
27957
6622
32085
16200
31318
13482
14498
29581
3907
13297
1767
4527
21064
27097
25218
6181
16215
15525
19069
13408
3682
902
31759
9801
22793
9651
25958
30698
17269
12219
13731
23915
11396
21274
11815
20801
10534
1035
6413
16546
20231
10654
2295
23612
4718
5130
17934
24870
15205
11588
3140
28183
13850
6097
32477
14550
17029
12248
29997
14321
18251
8827
1187
5298
19426
3943
27654
31055
24054
26794
17407
3937
26124
1222
6360
17047
12134
5891
20867
7084
10022
521
2014
18326
5814
14509
13877
7937
23910
8460
24072
16891
27991
11734
3087
7153
3993
8685
23932
25562
13200
12847
27264
27826
19868
31119
14864
23082
2296
29547
8937
3486
20707
28698
15826
24391
29950
14276
19745
30642
27894
20342
15744
23920
32610
5237
9201
2832
20463
8659
23824
8522
6330
13377
12696
2429
4861
36
9257
7260
21230
11755
19529
8419
6884
28831
25256
14225
27068
27323
25256
1489
18555
21823
25884
13753
6964
7424
6224
7670
31021
27202
31051
9735
20541
18056
12880
15018
22392
21675
17067
26260
5391
20266
21418
25445
31601
16577
24297
14043
25014
11069
2514
12358
23358
4238
23141
23100
12949
4638
10549
13453
2970
6753
29875
19065
28897
17582
31151
31009
20565
30541
13596
31292
11042
25553
13076
1803
31954
24999
20252
10127
7605
22256
18856
505
9351
9100
22242
15970
2893
17015
2727
21180
7040
5465
17874
19209
25965
3672
2238
25035
18140
11313
20230
31931
17648
31879
22671
25021
15694
6267
969
14356
12929
20348
7473
10706
14238
29792
